1000
3537  8985  1692  6509  6721  3458  1888  6757  8674  2333
7705  2258  5496  6215  4556  8394  6527  2097  8378  2793
1848  6078  8796  6930  2516  5785  1198  1280  5312  6718
7695  9483  3169  8763  5225  6498  7493  336 5367  6113
5210  4426  4196  8199  3667  7118  692 2897  1554  966
8109  6039  752 9299  8379  9017  1961  3892  8324  1957
7492  6939  4241  366 9400  3974  5556  1778  1344  2889
5231  7603  6436  2748  1777  4706  4572  3673  8213  6501
6614  5602  8936  8217  7097  8987  1210  9166  3347  2662
9114  7067  181 3380  4391  6332  5502  8589  6098  3361
5325  4264  7629  9695  5504  9544  3728  8186  1553  7988
2902  2828  7647  8174  3852  3809  2949  221 9100  429
5618  5226  7863  956 3667  1145  7378  886 2265  2901
274 4016  7348  557 8224  4210  9132  5072  1809  931
253 6446  841 1339  28  1012  8415  3507  4258  4762
3364  2983  9298  2493  4435  1652  3791  7239  6427  8947
7776  3768  6923  1326  7937  1163  9122  7151  2014  7648
5248  133 5347  926 8161  235 2466  3541  9294  7655
866 2591  6518  1660  2221  412 3525  7057  5210  5004
7900  5124  8282  2605  5928  5337  4120  9619  1179  2288
9741  5775  646 3105  6362  5219  1649  2252  8142  5579
1748  2686  8931  672 5151  3263  7088  4890  7052  949
8152  9304  8977  134 4631  7234  3729  5820  7749  2428
9213  9273  1863  7051  8768  6555  4005  8825  1481  4734
5418  8173  6042  4013  9083  4071  5970  6015  1374  9405
1502  8229  8157  7847  1707  4286  588 5399  1403  4930
7213  5508  9450  2377  9141  6707  4733  4171  4742  7453
7297  1977  8429  9218  800 6153  8724  2172  9170  35
1057  4079  6323  7746  802 7184  5540  1138  8759  581
7685  4694  6461  579 9205  6962  3616  9213  5126  3620
9641  5500  2114  9709  4173  599 8176  1985  7140  2878
8606  1823  9192  2305  8300  5422  9698  5345  4545  8606
931 5243  5933  3776  4549  285 4031  4443  5691  8214
2562  2448  7696  9484  6351  4188  9571  1869  7599  9561
7894  8632  8413  442 8853  7391  4505  327 844 4474
4949  9750  3901  8280  6040  7096  9608  670 5727  6937
8995  287 9304  7442  1650  1333  6866  2734  9535  752
1883  9060  8411  6422  9077  5187  3694  8473  7694  8252
463 1061  7718  534 7993  6699  4724  8286  3686  5766
330 59  3778  6786  8607  2098  9874  1660  9129  8723
4799  2313  3610  9176  6319  8369  6062  4044  9316  6046
1059  2844  7684  6646  8729  8234  8529  6964  6114  8732
499 9853  7988  5831  4509  901 7439  2686  6653  1902
1772  245 923 4214  5641  4692  4042  9042  1017  8301
7005  7387  5271  1994  9193  3368  9735  1616  5042  2387
4178  594 709 1778  6681  1463  6935  4322  3682  6511
6857  486 8058  4799  6235  6345  5525  9887  9928  6663
556 7849  5320  6452  7447  6959  3528  8604  264 6716
2159  7276  2139  6063  7125  4655  3510  359 2220  6706
9559  4131  3387  3193  9056  261 3473  1300  3470  8807
175 9895  5401  2230  6720  4918  1687  5117  8804  9374
6349  2591  1280  3210  9765  7316  6668  1769  1028  9260
4790  9100  1176  663 942 2952  7893  3742  8308  1868
3758  7896  364 7260  7245  2777  8815  5526  4994  1154
5702  2773  4862  1110  4061  1559  4226  4948  7159  5075
9671  627 9616  1309  428 4941  2829  1481  934 6880
6509  5797  27  1355  7197  2126  4651  2827  5562  8356
5749  1523  8097  4173  1404  1759  987 4284  6608  3391
1268  134 2837  5953  9711  8617  1653  4971  3459  1139
689 2675  4873  5116  708 4777  868 3973  4513  1132
456 6646  6227  3392  3391  2114  2234  6092  5165  2163
3603  4122  1897  2668  3076  7965  6544  4662  4160  9823
1953  6641  6294  4192  1849  8379  7846  7970  4076  117
7957  7502  1221  4486  960 6648  135 7574  691 2191
9058  9193  5962  9017  6086  7710  7859  6593  3179  9254
749 2332  8663  8617  7324  9415  6480  4866  9384  1957
4427  7860  1310  9614  874 8267  5129  1346  7904  2068
1011  6101  9817  2140  7776  3846  4710  1849  1563  7020
555 8856  4573  9825  2413  8519  4234  6092  217 9946
8799  691 6316  6757  5511  6887  3397  3458  5853  1788
1236  2460  3611  5322  3296  3912  3387  7917  4802  1326
3544  1250  9467  6427  7583  2248  2261  355 389 5152
7092  3139  9271  7183  4838  8564  8119  158 2011  4027
8121  6238  427 1828  9464  7898  9858  565 1344  7921
322 5379  9542  7525  1466  8242  9283  6266  6316  4729
7852  3668  8052  8121  2143  5893  5407  6718  2526  659
4999  384 9535  6491  4959  1519  8062  2940  4521  2651
3065  1771  2144  3626  9633  2003  9200  7404  5209  1260
8489  6933  3396  250 4439  6467  137 4892  6816  5721
6889  2433  5857  6638  2082  8259  4512  5099  7738  9093
7659  2896  137 1785  7046  8305  3278  9818  9232  5262
3392  8478  1226  2919  3524  2882  6524  8439  3821  6546
2179  8691  4216  134 814 93  8437  5683  7080  8004
516 4713  1997  5321  2129  7734  7978  4578  583 155
2476  5264  8914  5617  6196  960 2768  9396  4004  8600
7825  6396  7092  573 1943  5003  3380  7599  9132  4442
1492  6615  8536  4413  7109  9848  1335  5416  8715  6223
6882  7069  575 2965  4706  3236  1662  2381  1215  2993
2262  3642  3533  5196  1315  3129  818 5049  2790  5374
1908  3226  3139  9929  4004  1426  4852  9272  8990  2053
698 4035  3568  1494  650 9997  9708  8458  997 4477
5931  5341  4256  8244  8867  3897  7999  6986  1421  5997
3301  9580  8075  2430  1012  2358  2551  2229  3425  7842
6662  7714  6015  3701  3120  3730  3757  7770  6595  9451
9871  3566  2140  3669  6720  715 9566  7816  9492  1987
9123  6175  352 5886  8494  5446  598 7658  4684  4638
705 4228  5109  1720  8921  8134  1099  129 6172  8330
3305  4303  2329  8033  5100  515 2661  7954  8929  1232
8756  5982  1359  8439  6963  3199  745 3544  9581  1939
2643  5319  6860  964 7479  4869  5324  2783  4811  9758

