10000

-1837 -1687 -3945 1112  503 -9854 -9445 -8683 9564  -2765
2664  7978  9595  -7938 -9007 2870  -641  626 -1856 -3450
-1166 2465  -4129 -3078 -3327 2937  7917  -50 9698  9761
2506  7579  7241  5631  4343  8261  -4756 8015  -8278 -7335
-1899 6935  -4439 1329  -3671 -5115 -2095 9865  4230  -2357
7128  7875  -194  -3143 -3766 285 3304  2814  3995  -7525
-7947 9723  -9729 2899  233 -2777 -498  6628  1140  -3499
3414  -1805 -3740 4409  7740  -7291 -2768 -6798 -5217 5603
-8205 -7893 -6099 -8893 -9743 -2032 7483  3821  6908  -5391
6766  1289  9386  3535  -6528 -1952 -6387 137 6300  -4557
5417  -482  7435  -5142 619 5438  -107  -4713 -172  3735
-1289 -8883 -5754 2049  9887  5610  7520  -2821 -7478 5843
3741  8273  2023  9776  -9088 -8867 -82 2217  9152  -584
7333  2555  -846  8165  3307  -357  4326  -4040 1272  2915
-8059 -8082 3294  -2084 -6843 -4318 6486  -1010 -7331 -3719
-9439 -2909 -2797 -2121 -8694 -8428 -4306 1282  6691  3290
681 939 -2352 5877  -8280 5713  -9904 7728  4817  -688
-7022 -1911 482 -4654 -6635 -8748 -9479 -2885 -4509 8465
403 8863  3189  -9039 1573  -7623 5939  -9585 8568  2853
8969  -6740 -4791 -1265 6560  -6847 3386  2460  -6735 3343
-2725 -8931 -7676 -7764 7319  -830  -6615 6688  6964  1602
-8699 47  -2777 7135  -5310 384 9284  -8296 9969  4099
-1421 -3488 193 -7644 -6077 -8328 -3353 1324  15  4052
2250  -8162 -4075 7386  -4597 9583  -8404 8187  -2500 -4513
-3388 496 -297  556 -6969 5585  -9805 9395  -3634 8862
-4940 -307  -7042 -4894 5694  -5255 7269  -4726 -1816 -3457
45  3774  -1590 -4941 94  -6908 -6350 7080  9586  1084
9415  -6629 4554  4512  6208  232 4 9361  2688  39
3374  5881  -7821 -8113 -9550 -1363 -5029 -9784 7857  -8185
-5418 -9895 1942  7045  5749  -3663 -2278 3776  -4315 275
3251  3394  -720  6034  5740  6856  4539  -6416 6824  5842
2408  -7391 -7152 5895  6620  -5781 9139  -1125 -3919 1853
-9594 -1058 7243  7038  8229  -2831 7390  -2971 -7109 1052
-5629 8736  7391  7257  4940  -8416 -6626 4819  7605  1950
-7119 -1694 1827  -9378 6903  -2191 2534  -8633 -3933 7884
402 5177  219 9591  -7393 2121  -6462 356 -3451 -2428
-3834 -1411 2100  -2772 -4583 9868  -6329 2813  6703  8061
-1329 3346  2912  8015  -6148 -74 3865  3128  -4787 -1194
-7826 8558  -9272 -6122 6565  -3771 7228  -3660 6139  6622
4941  -726  -8011 2404  -2863 -2192 -2647 -8597 8559  2952
-1954 -4207 -844  -2024 2149  6402  -8539 -8369 -6372 9772
8291  4355  -7707 -2888 -9989 -9951 4390  -6202 -7602 905
-4001 -4125 -6249 3526  9343  -8450 -2098 6374  7421  -501
8052  -8137 8904  -6208 -324  -8279 -2790 6687  1241  -8805
3172  2522  -7914 -9691 -5677 9074  -8477 2644  -3591 6822
5675  -5120 4682  -4513 675 7618  8905  1512  -3016 -6481
8012  4520  -9124 -4688 -7873 -1032 2082  6043  -469  -3606
-998  3706  -8308 -6720 6699  -7307 9772  -2309 -2694 -9628
380 -265  -291  -6485 -8521 -6155 -6386 3771  2930  -4333
-5178 -7832 1988  -7784 4537  -2628 -7438 -8351 -8010 9363
4476  -2902 6702  -3197 -2103 1156  -8155 7906  1928  -1691
5956  7725  9519  178 -9209 645 8357  2643  8130  875
-5041 -9233 9354  2147  -2823 -8017 -2145 -6865 8744  -371
8422  7509  -522  7044  2440  -1397 -3702 -6234 6224  -6347
6178  -9232 -801  -237  -7424 -1405 853 -2515 822 1296
-3623 -2260 -5100 1156  -1896 -9323 8802  -9325 1433  9640
-1164 -5097 8946  5836  4845  4649  -6591 1937  7745  5655
-1704 -3152 6191  -8904 -8961 8809  -9863 -7117 -7736 -6934
3506  -3609 -2647 4757  -1600 4136  8921  -9026 -9892 -510
3689  -9176 5728  7942  -5526 -6955 -8355 -7661 -7420 8981
3518  9856  -3326 2300  -2767 -88 132 3553  163 1346
-6033 -944  -7977 5219  3495  -8464 9760  7254  -186  996
-4159 6793  -742  -4087 1764  7706  -5798 2230  -6070 -466
9104  -4257 -6009 9598  -1188 -3096 7594  -2522 2815  972
8475  -2503 -2247 5340  -4138 -1255 5808  4217  7484  9489
-1526 1975  -3471 -6842 7235  -3806 7710  5927  -4471 -2454
-1995 9665  8687  -3481 5964  6838  5397  -1375 1379  -3878
-423  3686  5417  3433  710 -4159 -3510 4064  8216  -3246
2240  4751  -9374 1093  -8505 -5257 6316  -6414 -6038 9272
-7400 2796  8113  -4700 2335  -4050 -9392 -9858 -2891 1921
-7621 -8439 5148  -9642 2773  -2718 1587  9540  -7767 554
-4526 -6265 -591  3507  2333  95  6031  -5810 576 9789
5817  3696  -6834 -3879 -8304 1013  -8597 1407  -945  -7108
2428  -4275 6553  8489  7087  5351  8642  2555  1445  9062
-3979 3854  1212  -3225 -5171 -3886 3518  6965  -7098 9454
-8714 -1859 -6358 9611  -8192 -1539 3495  -9461 -1490 1835
9580  796 1173  -1135 5716  1508  -1763 9592  2479  7212
1966  -7301 7044  1436  7413  -4396 4643  -4881 3744  -8162
568 7745  7688  6053  -4946 -9713 -7833 4138  457 -8948
-3957 -7363 6285  5527  -668  4569  9119  -9124 1037  3013
1322  -1159 -2096 -6715 4208  802 3501  9419  -9496 -7252
6330  -5319 1269  -618  -5492 -4819 9923  -3046 2506  -2963
-6224 337 8691  3064  679 -8253 -6696 6329  -1995 3915
-2226 2945  2512  -685  -9926 -6243 -3756 9330  -9278 -5850
9328  4147  -8390 6188  8568  -1607 9757  -975  2167  2853
-8294 3949  9787  -7128 201 -4361 -7899 -1994 6922  -6694
-4912 -5174 8149  1917  9040  7614  -7757 5492  6777  2086
-25 6378  -9276 -8571 -8410 -2269 207 4029  1762  -5559
-7293 2792  7403  6910  9092  -705  -8562 5888  -361  3897
-4127 7895  -2263 -5783 -5235 8675  7160  -3881 -8538 4755
-2048 -1024 5892  -174  -4774 4607  -3425 7554  -4981 -5695
-3964 -3821 7661  -6979 -1919 9431  -8904 5825  -230  -3982
522 7499  716 3302  -5771 -4462 -5515 2847  -6624 -6110
6558  -5603 -3461 6026  -6182 -6334 -462  -1944 4501  -4457
2497  3560  -3968 -1336 2728  -6521 -1612 9314  338 -1782
6900  -7445 -5449 -6884 -2985 6579  8785  -2049 -5596 -340
9573  -2403 4959  9007  887 -7206 -431  -9033 4444  -9426
3117  2582  3469  -3265 -9366 -9877 -5041 -7675 6810  3508
-1307 -3764 3790  -7967 2300  -7219 6310  -3469 -4483 -1992
1402  -3235 6770  -8632 -1141 4702  3178  -8753 -9176 1347
-8532 881 -678  4126  4762  939 -1948 107 2621  -420
1727  8760  -7728 916 5340  9474  1852  -8424 2592  -7897
-1135 -9439 3411  5025  -1279 6655  -3211 -8977 7048  -5453
-8165 6014  -3015 -9432 4521  6377  -6812 -7584 -3993 6895
690 9337  -8761 1660  -8758 -3796 3481  4870  4110  -9526
-7801 159 -8723 -2724 2723  -3821 7228  9760  -7645 -4341
-4342 -4507 2799  9735  -7211 -6422 -7173 -6764 -5733 1847
-3354 -2170 4663  -6469 -3977 -8860 -5165 9843  7043  -1830
5149  457 -6067 13  -1484 -2070 9959  -8889 1880  9907
3928  8469  -8849 -3118 -1699 2479  5857  2393  -5406 -7083
4169  -5013 -9207 8303  -4554 960 -4812 9153  -7081 -2280
6190  7236  8366  4247  9769  -8546 9183  6319  778 -7021
6132  -4911 -9703 9893  6608  3936  7978  -8725 -505  -1744
-5722 5574  -7658 -5978 8746  3953  7120  9470  9266  7348
8017  -7024 4722  3333  8681  -4512 -1375 7512  -2845 2776
-3771 8008  -5628 2369  8631  -5405 -8017 -1514 3260  -6803
-1747 -2139 -7950 -7195 -5288 3823  -5013 -6558 5815  -2676
-231  416 -2342 7959  688 6875  -5270 -5115 -5760 -3051
-8828 1227  -9335 -3168 5283  8260  -6912 -9334 -2500 -5204
4919  8262  4686  3172  6893  908 -7731 4738  -3397 6396
-1247 9462  656 9741  -976  -2527 7718  -7312 -8602 -8924
-9220 -87 8845  -6841 -475  -6409 -2066 5859  6659  7600
2413  1802  6564  4229  7706  -5940 -4222 -6992 -4331 2459
-8445 -3685 -2163 8195  7163  2953  -8497 4029  8332  -2099
7883  2464  6623  -819  -7009 7030  -223  8755  4263  8030
-7212 8652  9406  8342  3679  -3960 -9377 -914  -111  -9160
2390  4645  3909  -7724 -8781 -5443 -932  2857  8761  -1654
-2069 -7031 -7680 -41 -6420 6047  -3672 -6121 2454  528
-5192 1782  9553  7099  7429  5565  9812  1278  6733  -7342
7331  -7145 6504  -8826 -8579 -777  3018  1765  -2916 -2873
-836  6018  -6419 1994  2343  -6451 5082  -2950 -1443 1577
1311  -7609 -9684 1100  -1228 -7547 -6022 -4375 -5431 6780
-4222 4589  8946  5359  -1670 4811  -3421 9281  1886  -6308
4839  7208  -2719 -7551 5460  -6405 -7985 -3832 -9589 -6255
2562  -1041 9587  -2368 4038  9424  1372  -1214 1508  -7352
5716  5222  7298  9813  -2652 1641  3853  1493  9873  -1920
-3925 -5239 8730  8689  -3106 -3476 4545  3446  2633  2187
-5113 4963  7797  -626  -1251 6640  -6984 -3418 6948  2947
-7438 4187  -8874 3233  8167  -2475 -4338 438 8989  -271
-9575 -2721 -3058 8654  1953  4548  4065  5538  6806  -5262
8624  -1636 -2365 5945  8393  -2026 7102  386 -1687 -3051
-3051 -3087 71  -8113 -4861 -5388 6717  7221  7899  8527
3162  8718  -9569 296 -7183 -2369 -4923 4581  -7114 1713
5671  4964  381 2142  1492  -4693 -4235 2038  -1738 -3822
-3950 -5563 8438  9507  1946  -1032 -5537 -9829 4939  6902
3997  5189  5474  -9275 -9659 1337  -4194 -7698 -486  -6990
-6218 -2959 1334  2978  -8424 1913  -2251 -7237 1426  4820
-5417 -3036 -7589 5652  3172  6895  -7988 222 -3095 8111
2052  -4233 -3072 3765  592 -6028 3953  1615  9514  922
6513  -4887 4252  -2937 8549  -6483 7848  -9446 6231  870
-1486 3304  6669  6336  -2161 -9926 692 -2321 -7719 -7109
-5895 -4817 4291  8554  -2065 8745  -341  7847  102 -7377
-3517 -4952 -5265 -5560 -1976 8767  8527  -6778 2026  5055
9391  -4290 7508  5870  9637  -3619 -2932 -8446 9123  8815
-2966 -6715 2102  683 -5003 399 4155  -9834 2151  -3168
-6066 -1030 9591  -5073 2455  -5562 1016  7196  7768  157
3648  -4211 1791  -5824 -1409 -2647 4179  6440  9312  457
2817  4815  373 -2340 -6494 1137  -4677 8291  -1416 -4128
-3241 -489  7426  4772  9201  6258  6472  9466  8761  -4722
950 8072  -1482 4694  6284  2390  -3060 -6171 -819  6101
4055  9571  -3783 1064  -6156 1507  2173  -7590 -4013 765
3422  9734  -2767 6332  -2545 -3405 -5519 -3845 9571  -960
-8854 -3820 5501  -889  -3494 9050  -3969 4037  -2314 601
4553  5253  5250  7531  8804  2777  -5425 -4512 9296  6691
6457  -4464 -471  4027  7920  -330  6660  9128  -411  -6989
-9876 8546  541 781 7717  -3285 -8937 -6765 1765  -2049
9267  -4389 6236  3665  8495  -6728 9740  7494  2660  7359
-3353 -8467 743 9761  364 3076  -3257 -1992 -7875 39
8291  3698  -567  2355  5406  -4128 3807  -9275 5515  7573
7706  -6543 6869  -207  7831  -4866 -1874 5756  -3170 -8622
-6464 2246  -4795 -519  4189  9 274 -3802 -5345 737
5937  3305  -2296 3768  -7935 -8887 4098  5667  7693  -6416
3197  -4562 8074  2163  3828  -2544 3852  -1124 3102  -8885
5664  -5764 -9306 3796  8156  -6345 8240  9145  583 -9243
5895  -1673 -1445 1362  7042  -8405 -1775 400 -3228 -7940
8201  -6586 -5556 1211  4924  924 9570  4912  3688  -9191
-2523 9012  -6907 948 2298  -8517 -5091 -6730 -3061 -5812
-8632 -4098 -830  6941  -8533 -8954 -5163 -9746 3500  1
-2891 262 -6546 -5567 -1982 -543  -1503 -7753 1529  1107
-5153 8168  6541  709 597 4823  4298  -945  -1187 8778
-8287 -9934 3100  5587  5059  -649  411 3710  -8230 -5449
3979  -22 242 -3324 3494  -9895 -3596 7236  -5538 600
-4475 3377  -1819 1187  2694  719 -6789 -5543 109 5127
-5649 -8175 2034  -8026 -7653 -3491 -3039 3298  7591  -7602
7581  -2984 6858  -2323 -5460 -4925 2474  6097  6005  -2177
-2218 5671  -9031 2518  -3567 -680  1058  4122  1257  -4843
850 347 -4614 4821  -2020 9416  -15 -3454 4209  -1046
-5386 9403  -900  -8496 -9557 8585  1853  -5183 -9508 -6320
5589  1032  -9818 -5459 8155  4354  -991  -4423 4319  -2659
4399  -8702 -7176 6789  305 -1079 8555  -318  5329  -4877
4478  4213  -6384 -2908 -8457 -9200 2457  -9262 9550  6252
-124  2740  -1290 4580  9989  3187  -2744 7076  -4106 -7796
-3039 122 -2535 -7269 -5526 -9539 435 -7465 6108  -7401
-4857 3567  -5788 -3822 -4394 -8439 7276  -5998 1864  -6111
1277  3285  -6041 -7179 4520  -2036 -7940 9247  -5190 -357
-4626 95  -8389 -9458 -6234 5372  2672  -4158 -1762 8882
7331  -1556 -6622 392 9375  -9408 -472  5086  9874  -3885
-5706 -253  8594  6261  3463  -1159 -8131 -6555 4136  -9967
-6866 -7042 5876  -8665 5745  1400  4550  -3616 1133  -8650
6384  -7028 -2244 3813  -8232 4760  9692  7972  -5830 -8142
9809  5468  752 1189  -8366 -9550 -3899 3893  8429  768
-5805 6648  5672  -8454 -6081 1873  9947  -7863 -4315 8687
-1369 9403  -3132 -1188 8153  -2915 7971  9671  2895  6261
-3202 -3225 215 -8487 9904  -3561 1329  -7508 6967  6644
-8417 1936  7623  -9245 1756  9192  -7197 782 1202  -3211
7057  -2259 8959  -4782 1966  1696  5204  -6730 -9154 -6176
4639  -4448 8828  -8306 759 -8843 -4035 -4667 1888  5830
-6281 -6455 -5108 1511  -2736 3140  5527  4524  -5884 5323
-2576 -2673 -3624 -5540 -8670 -2701 392 -1088 -3829 -5524
6876  -9996 8721  1961  1146  1516  -799  -5139 7360  2259
3201  8816  2164  -3241 510 -8442 5085  5225  3962  -8106
3945  8052  -8071 -867  -5636 -5830 -6065 839 -8050 160
-6855 -1028 -2349 7719  3390  -6715 3232  9935  -9328 8089
-8846 8643  -9206 4569  -8494 -5528 -9544 5794  5298  -3284
9855  -7913 4735  -3188 7341  -3327 1723  9713  -9858 -6972
-1191 8381  -4617 -4746 -6120 572 5645  -3691 7858  -4861
3234  -6301 8182  390 -3225 -768  3767  -3928 -224  217
-8968 -3548 -3865 -6068 7853  -3574 -8602 2839  6809  1391
-9122 813 3454  4476  -1598 -2190 7882  3837  -1326 -2981
-3465 2309  9051  -9910 -4006 7282  9289  4886  9966  -5539
-9668 -8848 1379  -2141 6 -2242 -9577 -7545 -9791 7171
2646  -2797 -2272 291 2112  6909  -556  -4611 7047  8608
-5452 -3872 -6691 -7151 7950  -5737 -1831 9628  5565  3969
3069  -5179 193 -850  -1188 1673  -7225 9533  -4783 -1337
-3872 -2070 4239  -4211 8316  -7776 5074  -7642 -5386 -501
-6164 -1526 -2341 9153  4780  -9025 -9997 -537  -3910 -9749
7145  3453  666 7393  8923  6732  -3617 -5894 413 1427
-7848 -996  -5916 -6584 -153  -1481 -760  826 2311  50
8922  -4553 -9968 -3904 -4552 4404  -7571 -2953 6602  -1065
7639  4123  -4388 5561  -9934 -6267 -6933 -8332 5721  -1972
-262  4841  -1815 3852  6129  4864  -53 1101  6629  5480
2171  6584  5786  -4605 8130  -7297 691 -3421 -454  7441
7378  815 2600  9319  -6745 -9369 839 -7906 7924  -855
8804  -6739 9220  -5664 -1597 -8387 -4757 -7373 7528  -8948
9368  9908  -4366 2652  8763  -4765 -1090 5060  -9088 -8113
1432  -2627 4661  -2182 4299  2405  -6935 -2209 -2672 8831
9858  -6119 -7001 1478  -1592 3350  3244  -9023 7565  -3967
-702  -1624 -4585 -611  8835  8658  -5110 -8608 -4350 6298
-9168 7712  7512  9229  939 -8603 -5826 8612  -6676 -4038
-8894 -2841 -7697 -5895 4297  -657  -9863 -1117 -8588 -4592
9264  7217  -5972 -7402 -5974 -6008 8098  -7701 7566  8262
5512  -8938 9746  3447  -7342 -5599 2778  2506  -7044 324
8293  -7968 4472  7508  -490  -102  -3758 -3797 7627  7560
-220  2394  7329  3738  4366  -8152 5349  -7955 5636  -3390
3469  3876  5136  -1121 4700  -1071 6329  9334  8466  -5532
-6805 7655  7521  4900  -4358 5289  -3892 -8979 160 -6570
461 4787  7971  3868  2660  4336  3591  5434  -3417 1973
1486  4523  5574  -7113 -2982 -1685 3006  6934  -2999 -691
1454  454 -7527 4087  -3921 7398  767 8154  3487  -9319
-4190 1402  8736  -750  6923  -4321 -5573 -9142 785 -8586
-6173 3767  6865  6090  1745  9145  -273  -4417 -4287 -5916
2017  7400  -7055 -2877 2193  1723  8531  3696  9680  -6552
639 8439  -6467 -3798 -7814 1861  5151  796 810 -6540
-6060 -1814 8664  7344  -1957 7456  -1994 2218  5130  -9820
-8915 -821  -7015 -8853 2634  1882  8558  -601  7828  6344
7283  -3155 -3743 -977  -5379 4482  9492  1309  339 -4498
627 -9420 -3521 -775  -7541 -1842 -8389 -9643 3663  5169
-6871 5935  -635  -496  -2346 8078  -2272 -6441 -5619 2198
-7007 5729  1091  4995  -479  -8221 -7729 1413  -7106 -9692
-9755 -5521 1112  -9486 5931  -3326 2010  -7111 7700  8170
4698  -8806 -7851 -6713 7650  -9408 -6900 -47 -6933 9238
7721  -5578 9183  8559  -5307 569 5157  4025  -7410 7511
4740  730 -3312 -1048 -1229 2827  -4600 8516  2674  9871
6485  4515  4233  -6533 5299  -4095 -5429 5567  3769  -7766
-1354 3586  -501  -9788 4890  -2607 -2246 -7765 -6473 4599
-9895 9384  2685  2717  391 -7833 7177  4282  -665  -9641
-1184 -8207 -8892 9533  -5237 -4997 7176  487 -8963 5542
5716  -21 818 -7123 -3407 1439  1660  -4319 -262  9459
-8488 -5959 2390  6561  4589  2599  -5966 7933  8107  -1445
-8508 -7624 -4856 2510  -3177 -2683 7653  500 7272  -9309
-6663 622 4847  -3662 -4388 -6982 2516  -2437 -4962 8142
-4351 -3448 -6477 4114  -8971 -8767 -6985 9801  -2852 9649
4100  9557  439 -297  -1924 2124  6341  1727  4279  -5745
3406  7698  127 4532  5230  -5323 -3133 -8489 -6019 9473
-8024 -4894 4788  5810  4834  -9753 -6977 9146  5968  2587
8029  2116  -4498 5220  2801  -2311 -4690 1556  -7088 3350
-7976 1327  -2725 7382  1198  5191  -1918 5447  6333  4743
6105  834 -9718 -1520 1912  3704  -8379 6443  -1548 6217
3037  -7475 170 -6647 -8763 8343  8220  8564  -9926 -3652
-9407 -2087 9934  -9078 -818  -1085 -5141 8333  -5074 3258
-4981 -4592 7466  -2541 -6866 3135  -2022 -7271 -7018 3163
9540  2338  -5059 -1723 -6285 9412  3296  -397  -479  -1567
8381  3345  -3604 3142  -7530 -6948 -3114 -2627 -2904 2648
-4900 7179  8787  9204  9296  7229  -5229 7080  -9425 -550
-1823 -2981 -590  4761  -3122 8803  -2506 816 8098  2888
-7399 5398  -4307 9237  7516  -5739 -136  2500  -185  4589
7270  8883  -4139 9570  4641  8988  -8326 -3951 27  -6987
9264  8442  -9010 639 1400  -2378 -3556 -6756 2844  -1128
-1816 1173  -5015 7389  -2944 9438  6114  1700  2815  6260
2999  -3177 -7317 9460  -7486 979 5637  3538  -1666 6234
334 -2243 -3767 7051  -9280 9519  -846  5051  6618  742
8957  -5113 5953  7204  -2843 -3385 -7314 4647  -1347 1224
-3780 -7903 -5338 4832  -7111 9042  4713  905 -254  6684
-3149 7974  -1369 5766  -9700 6207  2656  -1857 9947  1177
1776  7670  2267  3249  -8104 -9249 6061  514 -824  -4010
5490  580 9249  7959  -8198 7297  -1443 8136  -6777 -1566
8789  -4450 -8367 4555  9371  5705  7956  -23 9024  -1992
9378  -6698 448 -4356 -6156 2749  -4043 8457  -5842 6211
-8208 4583  -9657 -5307 4390  8570  -7296 9646  -6950 -4474
7910  -9091 -4484 -8189 -6866 5574  -2946 -6257 991 3154
7207  -785  3829  8950  -6827 2527  -4611 8506  -4095 2946
-9796 -7752 -5033 -8975 4714  -1224 -3200 7376  -9883 3773
-1091 416 2118  3861  6594  8720  8618  -4218 2884  -1757
-7893 -9128 -6935 -6635 -7061 2254  -4182 8508  -9511 8730
4282  7261  -5697 -1843 9127  609 3437  -5776 -2480 7426
-3632 -8304 9446  2227  3899  -1735 -9069 1660  -9023 4033
-8112 -3615 5052  -1431 7441  2111  2267  -6408 2039  -1248
-2025 -9027 -2496 -4179 3653  -378  -3690 -1931 -282  -8451
106 -6555 5162  -2709 -2716 6347  -2773 -9381 7129  2270
-8155 -4680 7876  1191  -8012 8746  -6985 -9786 3430  8617
-3916 7468  -2323 -6500 8236  -8992 2510  -1595 -4654 8930
9919  -1769 -4558 7614  -3612 9735  -7127 1210  476 2137
-1959 8404  -5177 1235  9291  -4641 2147  5652  -3654 -6751
-4609 6979  5167  3285  4352  4571  2566  -3151 -9570 9074
9862  -5347 5845  -3994 -3112 -2595 2278  8365  -4549 2143
3228  1342  3920  -3815 7143  -5818 9201  6532  8102  9433
-3289 5265  -876  -1643 -3724 333 -2550 7848  -6935 -9745
-3819 -320  -2869 4230  -3607 -575  5702  -1327 9448  -3587
-3286 3164  -5024 -7218 6571  -4908 2384  -5877 -3964 6284
4911  -4824 4317  1510  4486  473 -2467 -640  -3823 -4267
-559  -6605 -9488 3235  1705  8396  -5771 8380  5916  2370
2386  -6240 -5662 -3585 -9481 -1592 -2325 9731  -710  -9954
5111  -469  -5014 1386  7567  -7275 -2913 -4794 7244  -7251
-7783 2676  -9822 -2812 -5039 5633  4673  1153  27  -7187
-6575 -7798 -1564 -7379 594 -7022 9537  6485  -7121 -620
3321  9878  -8319 828 -598  -3037 8032  1900  3314  2669
5740  -2616 7448  -3658 1851  6604  -4030 1978  6488  6827
-1871 4487  -9825 4191  -6722 6269  -1595 6446  -9515 5945
3540  -4550 8609  -3150 517 -486  -7905 2695  -6273 -9741
1229  -4489 5705  4097  -1396 9122  -6445 -3117 -7049 9152
-5584 -4909 -1631 -362  -1054 -7016 -5741 6122  3818  -375
508 612 1300  4407  7488  3076  -3396 -9118 5735  -9760
8158  8623  795 3932  -8503 5596  -4322 -5716 -102  4713
4741  7206  -5136 5265  2752  6915  624 -3778 7102  4608
-3858 -1972 9326  -9001 4950  -9007 7052  -1482 2200  -2939
-1722 -8038 -9443 -1496 6179  2412  658 -8185 -468  5305
-5518 -1383 246 313 -9317 9259  7710  -1037 -3549 -206
6373  -8782 -5465 -2065 -127  -5787 1617  4724  8964  -574
497 -5964 -9900 -2877 3021  -2347 -6995 -4953 -5468 9269
1549  8485  -8857 -8  -3174 -8066 -2412 -7873 -5680 -1626
9030  5317  3574  1746  -4100 2827  -4724 1937  7258  -1785
5066  -409  -1553 -7778 6204  -7026 5071  1946  4428  7242
9597  -5321 4706  -5847 -2456 -3544 -117  2145  3857  8153
-6871 2175  -1467 6391  737 9597  8307  1260  -3639 -2221
-9268 -2532 -4328 8880  -7652 -2189 8343  89  -8255 2422
9012  7772  2874  -2658 -7991 -8181 3003  5972  -2233 4435
9328  2643  6707  -1803 2464  -4732 -1742 -4279 1843  -6265
5698  -9869 -5212 6842  -9615 8925  -3397 8176  -1214 -125
3529  -5071 7596  3616  8735  -6678 5690  -7903 -7499 9987
-8709 4305  -7962 -2714 -929  -6847 -7935 -575  2862  -9337
-7568 9074  -4618 -4587 -9356 -5576 -9315 8027  8595  6735
5027  -6864 -6158 9227  355 -7342 2576  -5706 2161  9747
-3995 -5718 2469  -4253 -6650 -3389 2596  4051  -8257 -5122
939 75  7490  -7064 891 509 9012  -7334 4436  -3064
9258  8611  -7199 -4342 9120  8603  8194  8057  2900  8238
3041  6805  -1418 -4225 9837  195 -6221 920 8687  -9603
-7389 -2287 9978  -6419 -2101 -158  4415  -1285 -722  6637
-3184 9115  -7692 9439  -5450 -3400 3490  6967  7522  7241
-3749 -4144 -6259 8916  -31 9261  -518  5748  -8414 -6710
-1312 1636  17  3569  1529  9805  -5642 4705  -825  2640
-6468 -226  2256  -5448 -9336 -4325 -530  -893  6880  -7618
-1904 -1584 -483  -1094 -5982 5925  -5040 -8903 849 -6035
2054  -393  364 6648  -8467 -3700 8813  2183  -6511 3903
2503  4589  -5205 4564  9533  9454  8673  -6150 -8220 4833
-859  8726  9092  3678  2226  6739  943 9329  -960  -2830
-2262 -530  448 -2155 -2275 -5955 3412  -717  389 -8100
-1323 4835  -4475 4429  8108  -5430 5102  -5595 4654  6688
-4317 -4968 -3502 3820  -2327 -5000 -5907 -2198 -9255 -9806
-8361 1210  675 8575  -1534 6503  -2622 -6168 -7296 -9555
-2100 4551  3816  8572  5234  -9104 -7542 5911  -5458 -5086
-3771 5448  8132  -4827 7752  9316  8188  -5924 1121  1047
-4281 -4593 8044  9158  9377  8339  7155  -8059 -7063 -4755
-5687 1962  -9901 -4333 -4206 -532  8022  -8666 -1086 -2192
-2426 -1328 8947  2627  2933  3893  -7131 355 8829  2226
-5216 6892  237 -3040 5812  -328  -4056 -8783 8806  7204
-2653 1897  1623  2282  -928  -9719 -2442 -7222 -9849 -7602
-2333 6240  6534  -4678 6108  -7856 -7766 4238  7120  -3204
-9250 6262  -1077 -2500 6113  -4260 -6219 -2173 8225  -4207
-4810 -335  455 5374  5215  421 -9408 2237  3981  -3755
-1158 -3808 882 -634  -6581 2031  -5375 3874  6252  -3131
9960  -9088 -3912 5628  5028  6950  -4319 -1790 -1810 -4079
-5544 1049  187 6048  964 -7227 4627  -119  -8708 4764
8289  -3371 1873  -173  6241  8679  -1669 -7306 1082  -1509
2197  -8664 2881  -9618 -5225 8603  1762  -283  -3039 2517
-2004 -8803 1108  6741  -8829 6343  -6590 -7271 -6046 7546
-4110 -4824 4985  232 -1794 -185  2270  2047  -7240 -7408
-8987 2299  -3148 9917  9186  9114  -5472 1983  -5691 -1763
-2176 -6759 -5000 -4673 9590  8873  -1143 6557  8749  -5146
4676  -1147 9669  -8071 9576  -6100 3549  9206  -2536 7414
3207  118 -2533 3639  1050  -3766 6460  5991  6029  722
-3041 2533  9434  -1287 -437  4654  4518  -8513 -2623 8507
685 2868  2555  8173  -5657 -6834 255 6236  -7562 -8397
-4049 -123  -1993 2935  5099  -9004 -7652 -5617 2566  814
2931  8582  -5211 3500  5349  8976  -4368 85  9247  -4055
6368  684 7896  7795  -6440 7705  -4342 1950  -3502 -6742
-1909 4161  -724  4391  -4353 1847  -7880 -9894 4598  8109
-6734 -8721 -7392 3280  -7752 5322  -9284 -327  1387  2573
1306  -7641 -3357 5211  1032  3117  5785  9387  -8469 -3133
3634  183 536 6043  9713  3699  579 7723  -7441 -7953
-9122 1489  -432  8534  2628  1390  -7391 -6357 1155  5186
-6024 7150  1759  -96 4113  1422  9263  -7074 4452  1555
5332  2158  -9266 5601  -9808 7179  549 1200  -2348 -6851
3267  9282  -2346 9901  -415  -2268 8444  -7025 3324  -8268
6854  1641  -5658 5882  7529  -4154 2373  -3836 6667  -1061
-759  -3536 -5280 -7167 -3771 -9292 3994  -7118 9252  -2532
-5356 7535  -6059 -1747 6099  949 8656  -7429 3146  5193
7876  949 6711  252 -6518 9169  -308  -3513 9591  3288
3120  -9503 8724  -591  -5059 -5906 -3900 -8652 -2520 -6394
9532  -8140 2456  -5941 -713  6268  3017  -8202 6130  -4904
-4188 -4578 -291  -5416 -1177 -8228 1968  -1882 8616  -8044
-6197 4648  -2235 984 5029  7001  -2340 -8518 4430  -83
5164  3966  -8153 -6010 8561  -9941 -9732 -5066 -5226 1643
3656  -2371 -10000  -9631 2908  3039  -6224 84  -4280 4846
-2320 -1869 9374  -387  -3165 -9726 -645  -6389 -5390 -6170
6881  6315  3301  -1246 -741  -4024 8799  -9759 2046  1408
-2493 -5998 6041  -9773 -6091 -5399 4047  -7396 -8103 9132
-2927 1333  -5961 -7757 6656  3684  -6131 -7577 1872  3158
9514  -3883 6125  6599  -6296 -4820 5606  -3917 -2413 -3234
-9107 -4759 -9156 -4606 7292  -9099 -4281 -8169 3911  -1783
4035  4163  778 2486  -31 -3499 7137  -5636 4545  -9456
6274  1804  -9687 3999  -7331 -3707 -9229 113 6635  7633
-9664 -8312 4828  -5582 -3182 -8977 1799  -2978 -6780 1402
1975  -5699 5203  -14 5217  7484  -2060 6421  -5106 3128
-2998 -2004 3023  4017  -4742 6664  -1468 1351  -3835 -3614
-894  -2668 5333  -9931 -2516 -2905 8313  -1048 7838  -578
-5475 6196  -621  -8312 -8572 3074  9951  -3194 8352  -8030
4864  9896  -1706 8788  6417  1509  6652  5120  5971  8194
7780  -9155 688 399 4108  -1753 4790  -1415 5259  -5514
958 6210  -4536 1071  9737  -8687 225 5717  -7253 -9044
1908  -2870 3493  3896  6762  50  -7365 -5840 -794  -222
-560  9233  -2601 -1056 9264  1114  3937  3452  -8220 -2861
-2580 4128  -9716 -7180 1124  8059  1637  -6778 8683  -6861
1752  4184  -2523 9190  -4561 -3012 643 -5319 500 4051
-3419 5378  2561  7402  -7378 -1068 3757  2116  6738  -6565
6783  1845  386 2737  7115  7499  -4547 -916  -8859 -4429
3329  3302  3847  -4648 7795  -6619 28  7096  6789  3255
-4761 5562  -7922 5632  9936  1327  2647  8083  -8687 -3186
-3412 -1502 -5986 -6911 -2986 -3996 7564  4707  156 -4642
5732  -6573 5350  5549  5983  -740  6191  7593  8736  6416
5558  1599  4304  -6798 -9595 -8171 -8395 -5874 1075  -1500
-3114 -8896 58  6656  -5256 -5288 -5413 -1632 -3587 -8337
-6079 7800  -550  2488  -5732 5831  -1366 4665  1168  9736
-2885 3755  3742  -8579 -9101 -666  2203  5704  7039  -6150
-4780 7896  3158  -6112 -2783 9243  -947  -2300 6023  6471
-4557 -2738 1733  -2940 -5741 92  -5334 -1663 -6020 -8071
-3170 8999  8785  -8469 1358  6793  -1913 3595  -6737 6841
-9905 -4412 -5083 -4569 -5058 2400  -6469 3858  9448  -5533
5763  -3066 3124  7256  4076  -7754 6376  2294  -4215 -7896
6106  8200  1184  -584  -6479 -1175 -5209 -8948 -3738 -113
2553  -9385 9727  9704  455 9274  9787  -1887 5114  -4319
2606  -5402 7516  -2151 1002  4302  -3428 -1825 -9548 7890
-4905 2223  5405  5689  -9253 -2551 9001  3410  7715  -5112
-9083 7990  3566  -1466 -2121 9063  -2755 -9822 9170  -1845
-4297 4968  -7963 6963  -3239 -1792 368 8871  -5893 5845
9639  -4020 4002  2782  -4455 -6612 -7512 9189  -4172 5119
1994  -8213 -2481 -2098 -7785 7078  9939  -4660 -6819 -7740
5198  6963  -1197 8368  -709  6686  2720  -807  1520  507
7622  -8803 -4638 8017  4215  -5920 -7656 -8827 7145  -231
6106  -3531 291 8865  -6057 2302  -6163 3785  -8595 -9380
-5834 -919  -4800 -2102 -1147 -7119 4807  -8642 -1513 -6512
3155  5549  -6724 -7751 -2092 -3194 -4422 6471  8028  -707
8241  5649  7186  457 295 7574  6553  7603  9475  -7446
-1923 6602  -944  -2692 -2418 3449  -4294 -3586 8505  -9355
-7646 -8514 -2112 -2224 9164  -5977 5882  1800  -7736 -7279
833 -1270 9211  6543  4031  8460  5838  -8684 -9425 -8047
7683  2610  -1665 881 104 -8600 3555  -9801 -9895 -8931
8920  8476  -658  2323  2261  -8635 -162  5119  -7260 -7380
-4944 -7340 2995  2517  3795  8195  1294  3480  4550  -3173
-151  1860  5102  9865  -9836 5034  -2120 306 9554  -7529
-6404 -8904 5558  -6171 -2409 2256  -6017 5987  3410  2947
6271  -4347 1858  -8617 589 4944  2597  9669  3778  -5437
-8377 -5977 131 7016  1457  -8344 6017  -6079 -3766 8369
-5035 863 -2762 -7574 6760  3155  4465  -5395 9292  -2127
-3580 -2262 -749  -3884 -3861 5161  5915  -2997 -9463 -171
3692  1009  -7385 777 -8731 -6600 1 2446  4983  7137
-5324 1166  -6137 685 8313  -3078 4424  -9945 9829  -2275
2430  -8921 -2579 -161  7883  5160  -212  -9468 901 7124
-9028 -5719 2867  8729  -4199 5754  -1403 -5668 -929  -8000
3713  -6427 4679  -2387 1337  3480  -5543 -2671 716 -5077
984 -4606 -9264 6214  7706  -4734 -7464 -3460 -5103 2518
-3071 -6474 -3533 -1645 6498  1692  5135  3632  9325  -7657
-198  -9055 9892  4819  2821  -639  -8262 -7114 -3210 -658
-1949 8311  1829  -8995 40  -40 -2044 8104  6333  6456
-4683 -725  -5974 9829  2374  -4278 379 6413  1707  9140
1766  -384  -1364 583 -7326 -45 -7693 504 5597  -4
-2253 7358  -2952 -2467 6413  9553  -9333 5269  364 -2647
-6287 6035  -3194 2046  2199  4419  3032  3852  -552  4482
1460  8914  8163  -6610 8170  8943  7594  -8063 -6394 -2172
-8104 89  1986  -9578 9922  -8347 847 -9147 -1610 -1680
6606  -4161 8751  -8859 -1038 -6375 -4944 1584  4733  315
8964  -2448 5597  423 -5593 -2331 3453  4804  807 8452
6417  -4132 1954  6330  1148  -6997 7490  -7725 -4347 -3992
-2802 -1663 -8344 9637  9324  1916  7881  -33 5207  2180
-9063 -8363 3984  3972  1459  9544  3119  -9577 5659  5709
-6166 -7354 1281  2676  8430  46  -1712 6484  -1226 -5148
4704  -3195 -5647 6156  7738  -1782 2738  -671  7528  -4601
-1968 6358  -5674 2886  -9653 5000  8521  -2636 -3332 -2202
-5365 3196  -7868 -3320 -2881 9202  367 9419  -3160 8061
2767  7117  226 4081  -1024 -7030 9296  2042  -4633 -4155
-1927 7573  569 3849  -5034 1525  5849  7407  7695  -9911
9565  4486  2186  3070  -6311 889 1766  8462  8931  -9642
8851  2038  -8439 -3535 -1270 3531  -1444 1937  9295  -1846
-7730 9976  -172  -7109 5580  -5773 -5036 -7163 -8257 -7984
-8978 -6473 1561  -583  -2945 5961  -9710 -3331 2192  -7736
7308  707 4855  -2908 6268  -7559 9590  1535  1740  -7049
-8649 -1411 4242  9873  5469  -2280 -4393 -6485 363 6785
-3740 -9112 -6725 1878  8187  -3737 -6488 4076  -5129 8236
7562  297 -1156 3846  -844  -9140 -8634 4451  -2696 -1579
4490  3251  -8435 -2598 -879  -5183 -3588 -13 -258  -8734
1152  -1047 -523  4170  2757  -7382 774 -8434 3912  6954
9080  3207  2520  -8818 8163  -5546 -2168 -669  1393  1312
-4762 2401  9766  7694  -1385 8933  -7195 5012  2149  -3028
6673  3441  -6737 2902  -8149 -1498 -7454 2122  -2371 -5
-556  4812  -2658 6897  -9783 1442  -3413 -3653 6855  9769
7922  569 -2265 -9669 7559  -7157 -8071 6533  5122  910
-8487 6598  -7858 -7565 -8652 -1861 4410  -495  -907  -1111
1348  4956  -4408 4985  511 7327  -3217 -3457 2236  -2253
8576  -6933 3827  -2207 472 1912  -1046 -1438 -771  3347
-6  -4088 -6629 3960  -2996 960 -1033 -8842 5018  8130
-4906 8039  -7716 6385  4848  4392  -6305 1439  7778  -2023
2635  -76 2705  778 -2292 5928  -2845 9226  2169  -7570
-6911 -529  5207  3019  -8268 -1669 573 -5627 2906  -6360
-5727 6739  355 -7607 -9143 -169  -6543 -7920 -2360 8545
-5761 2150  -318  7565  -9098 381 -1817 -6037 7791  -8909
8784  361 2451  5280  2086  2052  7708  8780  1855  -6169
3575  -5397 -9883 -6859 8897  3069  2790  41  -7710 4208
-3183 -1273 9235  -753  7517  989 8090  -9686 1422  4021
6842  -766  89  6421  3971  -4542 8441  -1583 2355  -4778
-5466 4437  -4846 5265  3028  7582  9596  9152  -7673 -9535
1940  8440  -3902 -9314 4447  -5852 8619  -9117 -4916 -8618
2661  4287  -3924 5594  -1584 -5687 -6409 -1047 5764  1458
6269  8784  2922  8238  7518  -3845 -1223 9571  7554  -8730
-4002 3505  -5072 4320  -4837 -3994 -7358 -2647 -7888 8155
-1599 9591  -2470 -5923 -962  -9115 -8461 4060  -8843 -9350
44  7823  -6019 -4141 -6815 5010  2016  9774  8286  -9504
287 -7000 3803  -3364 -912  -7047 -3086 3835  -4555 -8223
-728  4268  3930  -9491 3328  -4932 -8830 3760  5036  9697
3782  9350  -1754 -4135 -4867 7987  -1050 629 4014  5739
-972  591 -4923 -7701 -9359 -9957 -212  6717  5916  -1617
3466  4688  2021  -9879 1824  723 6285  3386  -3913 -2030
1324  -6398 -8733 -6225 -3400 -1710 -7659 -7404 -9071 603
3786  7245  7311  -3065 -9852 -4580 -446  -2222 7393  8888
-7751 4645  -903  2877  1020  -6212 54  5336  6626  -5586
445 4137  -3122 -4224 7824  9547  -2541 789 7375  -1166
-659  -5538 -8158 7294  320 -5075 -1539 -1281 -3926 953
-8114 -4740 -1178 4298  -9365 -7073 4946  -8355 6725  385
-6749 1513  -8821 -6464 8377  8967  6740  -5469 3174  -3888
4577  -3324 5643  -8381 -4328 1026  -9932 471 2201  -8556
-7219 5214  3540  -586  713 3773  -1006 -9331 -4987 1564
1729  -5855 -189  6611  -2009 -1372 -6539 2494  -8666 5102
-1443 3146  5731  6542  2640  7906  5298  7848  -6281 4738
5254  3001  4612  -4864 7172  627 3748  1549  -6193 -6356
3239  -9690 3988  7493  3217  -269  -9248 2068  -4712 3298
9887  -2946 6357  5976  3261  2244  227 -690  9190  7824
-9280 1209  -2906 -275  -1241 578 -5563 -1548 6304  -4625
9173  -3042 93  -7252 4699  -9212 -3938 -6223 -1204 -9811
7037  -4785 9235  8167  1530  3551  -2050 -461  -1621 -9838
-6915 3493  -1378 -6318 6263  4204  1355  169 360 536
-7115 -5125 9531  1856  9676  -8228 -5299 5181  -6757 -2911
-1939 6150  -7305 -2963 -3785 2375  2688  -5844 -3201 7265
-5505 -5697 3571  4715  -2916 4455  1002  -2300 988 -386
9468  -8388 2428  -1175 6469  2767  -8457 3663  647 6192
9746  311 1993  4976  -2056 7688  7492  9107  -5849 2203
3164  8574  -5456 4389  1060  -6108 -8723 -986  7068  6897
-3323 6000  4065  -158  -3576 -8944 -5927 9765  -7864 6513
1384  -5641 -2754 4202  6871  -6635 5067  -873  1632  8163
4578  1020  9983  -2183 4005  820 9898  -7204 9147  -9590
9866  7171  -9286 -4248 9866  6484  5598  2590  7827  472
3270  -1803 4235  -3203 -4939 -7610 -978  4934  -734  9793
1221  -6587 2420  4756  -6574 -9630 8904  -7697 1580  -6520
-807  5954  -7806 -8937 8428  4876  -7093 9551  3347  -1316
-6639 -8049 -1322 6391  -9261 -7454 -3170 -8003 5790  -7431
-1927 -1841 -9619 -8498 2451  4131  -6385 1329  4854  5035
4589  3440  -9602 -8313 2044  -3310 489 -1004 5512  3816
-2893 -283  7608  -2700 -4597 3483  -5798 -8575 7659  7160
3165  9860  -4348 8291  414 -8375 -5172 -7966 6056  5158
-4017 1193  -9680 2167  -8570 208 -4661 9201  -5036 1439
3709  -9642 7846  5277  -2645 -8771 765 4142  1775  -9224
3009  -8126 -1383 5643  2477  -2733 9196  9014  8247  418
-1265 -8500 -5219 3178  -5993 -3676 -6655 7830  8638  8514
1905  3028  6693  5473  -6777 -5004 7474  -1028 -5546 -3825
-4748 397 1887  -7185 5707  4876  4617  6196  3567  -6180
-4018 -5919 6692  3441  -1706 1429  -4787 -788  -2030 8648
-1236 -2323 -5359 -7993 -7100 -6052 -6825 -3452 3953  -4166
3284  2848  6713  -1086 -5746 -6588 6055  -5342 -7506 -7912
-7763 1949  3283  -698  4092  8903  -925  6858  7217  1396
-8155 1282  7287  8325  6517  4526  -9383 -9993 8402  4713
-5700 4123  -3026 7704  3750  8743  -9470 -5194 2161  9796
2596  -8943 -224  -2239 -1172 9920  8847  7632  -159  7746
9362  -9604 3000  -4515 -9562 -9364 -6738 4641  -4092 -9253
3558  6221  8207  -8873 9651  -1183 6731  -1233 -8032 7342
-392  -1071 -5960 4593  -3537 -6419 3054  -3472 -9732 -1620
2912  6547  -6415 -6112 -6318 -2144 -8826 -5801 2569  -4153
6779  -6349 -3376 -4930 -6510 -6448 -5082 4612  -5585 7190
-3232 734 9164  5841  4826  961 -7007 -3169 8935  7958
-1441 8723  -5260 4465  8380  153 -7765 -5467 9909  -5863
68  -4578 -2069 -23 7179  -5346 1229  -1751 -5019 -378
-5689 7701  -5331 -1956 8898  3928  -2547 9478  1132  260
-4841 -496  -8327 -7704 1234  8381  7751  -888  -9641 9464
-6336 1687  2175  -8187 -6870 4670  8152  -7207 -2969 6844
-8657 -9728 2705  904 4598  7630  -2567 7461  -6645 -3160
1109  -8499 458 -1476 -501  2201  -3776 3991  -4857 -7165
9541  6041  -7813 5200  -6927 6949  7208  -8492 -9875 2820
-5401 7277  2357  3331  7766  7699  -2779 823 3469  -6434
6849  -5425 -7332 6468  -264  -551  -2745 7592  -3897 706
-3595 1154  -6857 -8069 2516  1582  -7785 -3536 1555  -1620
-8519 -5291 6640  2434  -4620 7101  1756  5739  -6291 -8581
-6941 -2483 7176  -5275 1756  2517  8554  3479  -2415 -4222
-3142 6640  3898  -7005 -1398 2380  5636  -3297 4568  -699
5715  3313  -2920 -6390 1303  -5848 -560  6217  -125  -8911
-7053 -2058 -5169 -4401 5876  -4971 7457  8901  -5790 -9596
-8484 -5935 8252  -6754 -6199 8939  -1943 -7283 7517  3873
4441  -4790 -2830 -6279 3432  -6938 434 -7779 4095  -6557
-6654 -9032 -7210 -4317 -9253 1609  4268  -1520 3620  1511
-4382 7583  -5365 -6214 -6870 2477  8395  4956  -8724 -7177
-9912 2918  -7177 -3660 5448  9648  9089  -947  -4837 3245
-9709 4724  2365  -6381 -7356 -7309 1302  -7091 -7988 6489
-7088 7 -5935 5290  1014  5392  2648  -882  -1888 -1975
-6673 -9135 1773  8508  3341  -6837 6761  4143  -3594 -1680
-6163 -2293 -8503 -2636 -3999 -5205 -2438 5237  -9799 7736
-8313 -8335 -2058 -7326 7169  -1513 -2218 -309  -6112 5431
3350  4419  -7923 4083  2193  2968  -2773 1283  -2218 6021
-6863 6903  6008  6603  -3736 -6710 -7728 -8483 -6207 2400
-2919 5421  -9798 2468  8722  8363  8242  -4374 -2339 -2832
-4162 -1933 72  -1263 4730  -4683 -3198 6817  3106  -9674
-3928 -7031 7127  -4110 5086  -8623 8539  2229  -4661 -9178
-92 -3177 -449  884 3325  7258  -8375 -2547 -9700 -2435
-4979 -1692 -5228 -9247 3785  2818  -2672 -7111 -8441 5846
-6503 5735  2401  7361  -8409 -1786 -2579 8500  -3283 8363
-3976 -8884 2283  366 6092  -8581 8957  -8636 -4009 6393
-1167 1933  -5283 -7981 1145  5457  4430  -569  909 -6604
4242  3049  8084  2389  4048  2561  -8354 -2003 -1510 4261
9000  -2474 -4663 359 9062  6715  1425  -1457 -7430 -3325
-3432 -4268 -927  6767  3015  1256  -6390 8863  -9385 -6382
-8415 4251  1823  -6295 3708  3796  -9861 4941  2991  -7099
1628  -9646 2593  -4772 5049  -222  3851  5142  -9822 793
-5855 -1451 9241  -3230 -2919 -1112 -3169 -7222 -4666 -9643
2552  -257  -7787 1187  1116  -401  -8411 -1754 2456  -5212
9744  5347  -4325 -2135 4169  662 8189  -3165 -7051 3884
2309  -3968 2329  -8639 -6363 4817  -6658 1067  1572  -9485
5778  4539  7113  7300  8341  4414  6570  3041  5969  -1990
-5578 3757  4916  -6936 3513  -4969 -411  -7782 7399  8773
7941  4251  -2791 -8  4771  8612  -8309 -6758 -3188 447
3512  -866  -2708 -3446 -2105 8287  9144  763 747 -8437
1962  -1558 945 9159  -49 2530  -4715 -5547 -7723 8593
2725  1587  -1196 -4459 8765  1181  4033  1157  2278  -3267
-5373 -9929 -9297 -3253 1250  5201  8662  -845  9336  -9424
-4859 4374  6731  -6818 -8367 3419  -6740 -8886 -1346 5836
1112  1556  4508  -9707 7083  4797  -8650 -7934 3042  8687
9654  4886  1973  -69 8136  -7101 -9755 -2252 3878  7644
7900  -8249 -3865 8489  7798  1046  1142  -9290 1573  3215
2664  -8040 3301  6587  -8082 -218  -8777 1896  7535  -3019
-4520 1086  7464  3875  1883  -2130 -774  -9208 8829  -5756
674 2776  -3103 6347  1616  -3218 2375  7442  9350  9479
7965  8340  -4880 -6289 -773  -8172 8278  8098  -5557 1446
-3758 7262  -9388 6 4777  -2305 1660  7966  3070  -8986
8494  3982  -9763 2481  6392  4064  3817  6192  -2030 2130
-6056 -4458 -4732 -4439 1644  -796  -9408 7218  2512  9630
6540  1978  -8437 400 2381  286 -9677 1957  2370  2335
-2058 -7506 -4027 2648  2865  9719  1164  3839  -4182 2305
902 -1133 -7348 5083  -5026 2714  5851  -954  -3389 -4817
-1777 -4527 7908  -337  8337  -7057 -8432 1038  -6510 7483
8672  -8356 4152  -9831 -7904 6242  5261  -4044 5816  3588
-5193 -9457 -1178 2656  -4489 2211  7690  -9922 4282  -2927
-8536 -9467 6737  -8706 -7353 -8386 -903  9012  -3536 1584
-3477 -8400 1489  -2995 3992  -8865 -5915 -3008 4528  3040
128 9458  9820  2815  5233  -3887 1721  -5647 389 639
8015  59  9636  -6462 3161  -9463 -7302 173 -1349 -3198
9344  -5353 6734  -678  8495  -628  -8773 -7060 -5432 9879
-225  3468  4396  -6944 130 2564  -9628 -8000 4912  -7085
2436  8228  -9305 8631  -4051 -654  1767  -4832 8931  -1680
-1955 -1185 7339  8307  2357  7121  3874  4628  -3677 3435
-8204 6857  -7237 -3443 -6545 4681  -5488 5203  2991  5079
6491  -4194 3998  6517  2786  4503  5536  -1154 8776  -4485
-6843 -9348 98  7743  -8682 698 -3960 8382  783 8358
-186  6682  -9193 -4250 8591  -5740 6176  -2463 5084  2882
-9180 8331  5083  -4657 -2822 -6889 8779  -1315 -6150 7140
-5047 8833  -2274 -2306 1616  6327  -9646 3123  7401  -5857
7503  -5337 294 6455  -6942 -4217 2160  8831  6408  -5088
8817  8021  -807  -8741 -9671 -3048 -8511 -5370 2175  -5525
-2890 -3574 -6623 608 -218  -6617 5279  -7024 2584  2981
4779  -2815 6119  7331  6264  758 2474  3249  -2480 6136
1254  7071  -1983 -2300 7049  -8702 -5796 -2388 6585  8735
9797  -7350 -2429 2890  -219  -7628 -972  -9336 4247  1258
3585  -296  2211  -7166 -8622 -7178 -3580 -4584 -8815 658
-6726 4169  -9888 -9161 -457  3506  -5259 4326  3675  -9575
9303  3889  2078  1719  4371  7478  3660  3730  2100  2524
1011  -2294 -4073 -647  -9197 2107  5757  219 -8776 1355
-9531 -8631 1853  9367  -2595 -7969 -5198 -3956 -4518 7470
1584  -4307 -2793 1189  1505  8053  -7139 7339  -2894 -1698
120 7635  -8750 -9684 -7177 -4930 -5724 -6286 515 -5070
-5859 9463  5972  -2092 9986  7237  3816  4591  -385  -5117
-6519 -9001 9021  -1541 -6636 -1678 -3114 4873  -1596 -3524
-6927 3225  -6588 -8193 -2467 9095  -9056 -3278 -7342 8674
8511  7534  7531  -5611 2108  7028  8412  6982  368 -2638
-21 9781  2910  1571  5464  9996  4577  9118  -4488 -7961
-9915 8108  -6110 -9481 5345  3273  4423  4780  -4881 2423
-8488 4262  -5467 -4108 4511  6767  6615  1942  6511  -1628
-8388 -2576 2500  522 7065  -3522 -5874 -1791 3359  -1636
4782  -9015 -7283 3677  2716  -6907 1478  -3505 -6942 -9874
-2000 761 1011  4790  3817  8044  4034  9293  -7460 -7720
5405  8005  -903  -7964 -5225 -7999 -7720 1671  2597  3843
-3914 -4321 -2854 -8095 9502  31  2985  1470  6330  2074
8537  2483  -6240 5395  -9246 -7448 8518  1160  -7768 6749
-8820 -434  8925  -5843 8094  2923  2057  -8248 -9222 -5387
-5748 -1321 -2578 -804  -8973 -9991 2794  -598  291 -7364
-9187 994 -2211 -4833 -7427 9108  -1188 -6657 -5020 -966
-9357 -7560 2849  -5307 1814  7956  -1770 -7998 8918  -2835
1001  -4235 -233  7169  5948  -447  3257  -1665 1088  -5389
-731  2407  2989  -815  1848  1617  -9887 7789  5529  -9992
-4834 2403  -7671 2304  -507  -5423 5804  9942  7132  -5030
-5125 7761  -9753 -2459 -6217 -3697 4128  -635  7754  -7783
-4093 1862  -9707 4392  9497  -835  -9092 3406  8787  -4714
-1729 8851  -4058 3548  -3939 3152  7444  8133  -7657 -9047
-5765 274 6606  -6726 -8734 -5986 5826  2118  -8530 -1635
5229  5497  3498  -5093 7266  -7366 -8552 -132  1535  7034
-6234 460 -1480 -8588 9697  4007  -2670 6712  -795  -7163
-6332 -2285 -1129 -8657 8295  9575  -9958 -6233 -253  -6912
6954  -4137 8620  7457  -3154 6165  -8293 -3147 119 7817
-1683 -5175 1268  3468  8643  775 1083  -3225 -5119 -9099
-5275 -7317 -3163 -8537 7399  -6659 -211  -7053 8026  3411
4619  -1194 -4554 -8144 -1827 -5978 -9926 2516  -2239 -8141
836 -8244 4654  5873  8318  6394  7882  2836  -7680 520
-9879 1764  2255  2986  -5764 576 718 -2982 -7753 -3429
-7937 7831  -601  5414  1623  -7616 5742  -2465 -285  7551
1632  -6492 -9431 9511  6404  -9699 5045  7846  -2527 -9632
5044  -5704 1563  -7751 -8114 -1608 8615  -4140 -6068 -6472
6187  -1156 8384  7900  8223  -456  -4297 -1355 5196  -4669
5110  2121  -8339 3325  2719  4658  -4831 4111  -300  9446
-1932 7624  -6677 -1978 -5423 -280  4063  2347  -5018 -7722
-1453 901 -9634 9018  2882  8920  1937  7557  9907  8378
-7080 2578  -1097 2061  -2792 -584  -7735 7305  3821  1308
-3449 7758  9200  -4583 -8427 8169  -4284 661 -1513 -717
3171  4023  -9  5760  9306  -6339 -1982 4974  -3609 -192
-771  -6130 7468  -9829 7628  -4129 -1792 5339  -3060 2758
243 1928  -936  6643  -2161 2999  2382  766 7586  2025
6693  -4429 -2889 -8873 3981  -1820 4191  -4513 -4345 8655
5760  -1884 8054  3503  7086  9423  -2710 -2219 -5141 8049
3929  -899  -7993 -9249 -857  -8788 -3955 6661  -1358 4717
-8156 -7296 8104  -5196 -7345 -4907 4422  443 -1071 -6047
-2662 -7722 -4650 8298  7384  5269  -1608 3906  5876  783
-9427 7853  6325  4031  -6856 1540  -4014 7130  -6891 1672
7621  1543  -2612 665 -6378 5107  -3355 5752  5755  4158
-8297 9403  9292  -8403 -2920 8381  8443  4033  7115  -9709
879 -2516 -1340 -6049 7240  -9544 1369  9997  4008  5003
4760  -2260 1397  4030  9714  -9751 1454  67  -6028 -9434
-6083 -9863 -2179 -8006 -9420 8535  -4422 -8654 -5562 6131
-4056 8619  2750  -3562 -2399 -4227 -4698 9255  -6526 -6248
9295  9128  -2646 -2276 -8442 6294  5557  7149  -2944 -3434
-6252 -2663 -7098 -9064 -5340 6120  -4123 2312  -5543 8385
2112  -7936 -2914 6085  -1973 -159  1959  4602  -2716 -5109
-1000 9295  -7918 2237  9114  9866  -4258 -9209 982 1749
-8798 2443  -6488 6873  -8913 -9857 5362  7890  7893  -7986
-2083 6178  9782  -8595 -4974 4663  -6873 8363  3129  7429
8695  -3304 -3601 -7662 -1070 9432  4679  1131  -8215 4060
-9465 4211  4032  -4217 7411  -1805 766 7519  8253  -2005
1836  -7683 681 -989  7946  4112  9240  7785  9875  6556
-8697 -3368 9912  6891  206 9640  1243  -3646 3913  -4265
8560  1844  7904  -5883 4356  -4046 9940  5320  -7380 8640
-1381 -4948 3237  226 2621  5536  -563  -4276 -9578 2381
2979  -6197 5259  4243  -6121 -4892 -7834 -1329 -4638 -2347
-7559 6348  -7000 -4838 -4741 6873  8394  9360  1179  -5854
-4913 -1339 -1854 -8161 3311  1480  3520  -209  -4171 -8806
-872  -4049 6325  -1813 -1191 -3000 -2488 8693  7160  -5463
6227  8666  1925  9273  7169  832 6205  -6805 -1525 -3982
-3004 -8887 -3700 8755  7520  -8431 1421  5016  7279  -6869
2044  4358  772 -6260 -5803 4165  -2843 3937  -8993 1173
7906  1943  -4704 -7127 1238  -4494 8446  421 -5459 -2722
9358  894 283 4302  -4427 -8133 2023  -6513 1490  9762
3145  -4861 3038  1281  3182  235 -444  -507  -7166 5106
4151  -1523 6259  -9918 -126  -5126 -274  -2736 -6449 8937
8761  3930  5531  7551  -1188 -7891 5112  3100  7198  1447
4375  -5872 -2097 6446  3758  5107  -3526 6875  5232  2151
-8939 -7102 -1660 -4722 -9161 3402  3474  5291  3555  6740
-9444 -7354 -4835 5713  9254  8186  -8818 -9314 -1566 -1708
8283  -6804 8558  4702  268 -1569 -375  -9083 -3432 -7241
-3096 -8876 8066  -6208 -9471 -1324 5331  -2822 -3355 4765
2365  880 7164  6650  -4078 -3784 5168  -4847 -6979 -2074
3889  -8655 2276  -2576 1586  2379  1636  -8851 7344  -9399
-4442 -9776 9113  -4866 3399  -9925 -4865 6472  -8904 9065
-2892 -8722 -1604 5254  960 3173  -5035 -2541 3869  8243
-3574 -3802 9364  -3217 7360  7433  -3907 2681  -9935 -3474
-3991 -9927 4049  2867  -8003 1116  -968  -1341 -486  -1220
-2172 -4776 -7926 9214  -3329 5462  -1047 7517  2656  -7345
-963  -8280 4472  5558  -291  7761  -640  1644  7849  6200
-9609 -4289 -8388 5001  -8627 6298  -7055 407 5874  137
964 15  3043  -8602 1484  -4772 -8454 -1392 -9540 9226
-9181 -5880 6947  3688  -8005 -3238 -5237 5483  -791  8676
2851  4009  -41 9400  -3223 -2537 6096  -8300 -5196 6550
-788  1169  -2633 -9560 7802  -2336 4058  3551  -4331 -4429
7442  5823  2346  7188  4106  1696  -9799 -8785 -3871 -1958
-4562 -6616 9563  6915  -7071 2763  7644  -256  5754  7321
-3350 -5518 -7358 -4262 6568  -8752 1740  -5163 -4690 -6970
9940  -4159 -8940 -4213 9260  -7850 -9865 -7258 9967  -446
-7216 -306  -8497 767 7896  -5649 6219  838 -3642 -5432
3304  -2284 5142  2981  -3379 7332  -1499 -4155 6404  -2413
-2296 8340  -6835 3197  -2922 3464  -8317 8045  -9587 -5782
-2807 1447  2404  85  -2457 8671  -7060 -3859 3211  -7880
2029  5607  3617  -6760 3084  648 9536  2551  -8762 -8920
8878  5373  -3942 -977  8058  -2085 -2616 5362  -7589 -4331
-6602 1299  1124  2334  -1224 -6090 -5597 4852  5547  -7432
-2567 -5021 9982  9848  -5386 5377  -277  3836  3243  -7457
-5303 -876  8658  -625  -3239 -7622 -6827 7253  -176  2265
3834  3023  6275  -5019 690 -1843 -6813 -3145 9636  6725
-3064 660 2241  6691  1500  -9661 7374  57  4844  1449
-2098 -1554 7158  6747  7566  9639  4629  -3442 9841  6170
-332  -6380 4481  -489  9397  2470  -4285 -8390 6739  -9975
8147  8919  -4250 -2666 -3  -3559 3403  3306  6125  -3456
8514  8420  7711  -4780 5892  -1904 -2126 8176  -5450 5079
9476  -5382 9997  6338  -5503 -2423 -7768 155 7632  -8805
-4697 -2803 5651  428 4863  6069  -6066 -3627 -5980 6975
-813  -3768 7727  8421  -8377 8850  -4641 6297  -9610 1638
-8048 1914  -2893 5450  3068  -9895 -3359 7716  801 -5348
7752  -9476 8944  -6611 8893  -5601 -7603 -678  3442  -3894
-3486 -1618 -2785 -3161 7696  4859  -7612 -3691 -2077 -305
630 2690  806 -2139 4110  6251  -1389 7 -4818 -3275
-4415 -3591 8402  -215  5280  9212  4214  6871  -4907 5101
2792  -6410 -4496 -8388 3953  5450  255 5206  1956  1185
-9484 -16 1141  5535  -9126 9822  9525  -7991 -4747 -4575
-5556 -4616 -5134 -9315 -9274 -382  2620  4697  -4688 1248
135 7730  3733  1531  4433  -3081 -9928 -8299 -6947 -6156
-7901 3209  -7829 -2732 6248  758 5911  -7341 287 -7704
-8839 2199  -7371 -9983 -6902 -8470 8996  187 5673  7469
4177  -210  5968  -3519 -5028 -5194 4147  9171  -2678 -2440
-2448 4331  -5506 766 -218  9647  1818  1118  -1201 -3343
-6803 -3636 -7022 1194  8757  6420  2757  -6988 2410  -5933
389 -9922 9535  2664  9344  -6278 4941  -780  4891  -1204
-6808 -7390 -6821 -533  -1181 -6603 3222  5677  -1292 -3193
-9906 -6507 -574  5625  -2369 800 1626  -4273 -5931 9586
-8585 6497  -8503 6365  -6879 7504  1437  7970  -9241 -8286
-9028 3248  5189  -5268 634 4026  -429  2508  9021  5187
-6591 -8846 -4876 -9647 -8158 -8911 -2046 8241  4492  1102
8807  -8031 -8249 -9918 811 -5566 4950  893 -727  -4714
9022  656 5607  -4977 -2478 6723  97  -9628 1527  1248
-2680 2266  -2836 -7816 -667  -9279 -6008 5411  -1872 8437
5651  -9061 -4620 -4673 -6073 13  8643  -7696 2480  -4279
-933  -9390 8030  -4562 5539  -6817 4316  -8703 -1166 -709
8487  -9187 8296  -2814 -4184 -4926 5994  1577  -8783 -1214
-9447 -9440 3774  4442  -5300 6363  9825  2348  964 5068
-8679 -6776 739 -6695 4200  -5202 8319  -3307 -4899 4499
-830  1598  -8013 -4803 9516  3008  -7345 5178  -2123 8335
-3138 7369  9479  8469  -7098 8938  -1129 -4713 8465  1290
-1031 1463  3222  1495  -4758 8525  4778  675 -3215 -9627
9637  4916  -8375 -3279 6171  -5075 -9694 -4723 -2467 2254
-5925 3483  7196  2320  -475  -7742 4585  2068  2985  -1747
-6086 -9033 9183  3713  2621  -574  -1455 -9725 6720  8579
-6920 3806  2698  1708  7691  -3207 4152  -4528 1969  5080
-1812 5767  1095  -1160 -1319 -3266 5285  86  6412  5026
-5781 6395  134 663 1490  8514  -6788 2129  4604  4832
4018  -1175 4655  -4857 -5157 2817  -8570 -3049 1934  -3562
-2855 1140  5045  9352  6146  -3413 -2421 9156  9979  -3755
-1891 -3724 2335  -425  -5766 7680  1527  -564  -2653 -2663
1615  -1765 2114  -2742 8073  -4629 3346  -837  -5441 7159
-7174 -5046 6300  2486  3841  -9536 -8125 4757  -1444 -5868
3726  -6570 -8101 3896  7188  5604  -3447 -5539 -4323 1554
-278  5738  -6633 -3071 1438  4821  1138  867 9450  -5071
5662  430 4925  -1984 -4934 9775  -8259 1950  2422  6206
1879  -9217 8438  8249  -7551 5168  -4798 -5145 1258  7685
8198  8382  1260  -5522 -330  2580  -3028 2495  6266  4228
-1836 4573  9926  6874  -3899 9443  5833  -9563 7924  9243
2053  3127  -7258 -6569 -2818 -4578 -1195 -9671 6097  676
469 9538  3869  -7685 -1498 -2334 662 -4545 -4769 5003
-9673 926 -1026 3591  9164  1094  -4579 -7972 5315  -2757
2047  3410  -7353 932 431 -1634 -6745 4935  9091  -353
552 -8810 5342  -4469 -8968 7756  7457  4525  -2378 6736
7430  -5132 9041  5902  -3308 7319  6808  -3687 138 8515
-1444 172 -5605 260 -3354 -553  1858  5618  5183  5007
6553  2884  -9685 -5917 1479  -4304 8407  910 -9465 7160
847 760 -7682 1807  1136  3179  2281  -9250 -3719 -1722
-9969 -1970 9724  -7614 316 1800  -4814 -2235 3839  -4617
396 1034  -7409 1750  989 1471  -9560 -3503 5304  7003
8776  -8177 219 -7597 -5278 -1417 -2439 6252  -1800 9984
-2430 1190  -2841 262 8999  -3036 -9345 5854  472 4929
-9206 6021  4974  -6718 4911  3810  -7738 9198  811 -7132
-9362 546 -7494 -1943 5289  -4335 9426  -2825 3495  2177
-3276 9871  8417  -3577 6266  -6270 -3349 4507  9926  -1081
6465  -3138 1180  7977  -8636 2092  -4578 1033  8391  -9378
-5936 -3525 6454  -1576 8539  -807  -9684 6511  -625  1749
-8866 -4957 -9401 -356  6956  -5733 371 -3603 -4271 2540
7281  6765  -5320 1526  -2501 -3722 -8158 -7627 -1481 -9222
-5242 -2108 -5033 -7659 -1269 4938  1663  1951  513 -477
-5680 -3028 -3320 6637  874 -4201 5551  -2665 -6813 -2051
-3682 -1823 3148  6943  -6906 2595  3063  8667  6953  1910
-9342 -7571 -6619 -9785 -4653 4671  -7846 -9804 643 -6466
8200  5196  4638  7863  3486  2642  550 9031  9060  -1075
5072  -9610 -9956 -4792 2330  951 -8076 -7230 9020  1267
2433  3080  5820  6345  3799  -273  -6660 9366  8924  -6823
-6168 3373  -2380 -462  9547  6153  -5346 -6794 9935  -1666
-6716 1517  -6033 -6936 3377  2851  4296  -2803 -4298 -2324
8636  1063  5851  6576  3816  3188  3341  -2936 5194  -3275
-9700 -6770 7700  -8346 -9529 -2832 -2440 7512  8963  -7840
-8182 6135  -2988 2609  -5104 8426  -5445 -186  -5961 -455
-9700 -1233 3923  -7163 -195  -9994 2218  1757  -27 -9272
8858  -912  -8603 8794  -7059 6483  6975  9185  -9976 -4869
-6410 12  1564  244 -1071 5164  6125  3387  9582  9234
-8429 -2371 -605  -8241 -3911 4783  -8850 -788  -352  -7948
6996  7091  -6958 -9749 -1948 9709  2977  5153  -3207 -8240
-8446 -3832 7367  -4007 -6772 5311  -2768 -429  -9198 395
9119  -3479 -8021 -2050 323 -2299 -7628 9814  -9884 -3604
-21 -7085 7744  5306  3893  -4863 4829  9111  5278  875
-9783 -7136 -6281 -1230 4991  -4397 -3054 283 9531  6763
-2016 2311  -7331 6765  2731  -8873 -5750 7474  11  -8274
-9055 -3450 -7344 8885  1863  -6072 2028  -451  5546  -4674
8661  -8375 -564  -6173 7821  1715  8276  -5454 -2158 7812
8451  -8278 -4394 3048  -8443 -2444 8226  7734  -8467 -6265
-8453 -8375 3295  43  -4601 -7182 -2036 4491  -9282 -9161
7539  -7209 5142  6235  5094  -2317 -6447 9565  -4181 8895
7826  5384  2664  -2320 90  -1215 5623  5376  -7885 -1179
-1271 3182  7689  -1629 -350  -238  2243  -8885 3238  1270
-7969 3751  -9952 5978  -5332 -9790 4775  -5692 3998  -3859
-2980 -1395 -7912 -4482 -5224 4265  8483  5719  1700  6884
-9827 2316  -169  1863  -1042 -3449 -5539 -3650 -8300 8841
4497  4171  -5748 5579  -6282 3630  -2635 1563  9904  -5721
6920  9922  -8130 -1948 -9183 3646  -1885 -9313 6254  -4047
-8646 1435  5667  3295  -7419 -1413 5543  -1616 6435  4139
3881  -8480 1108  -2731 -6812 -1860 7362  2291  8456  5530
480 379 8243  -9871 530 -1316 -7745 4714  -3142 9669
7316  -2558 -1305 -3244 -4722 8866  6028  -4123 -3406 348
1443  5710  7615  -317  -4358 -3246 6508  4651  1513  2846
-1239 -5403 4662  1936  4490  9412  -5501 5226  -9891 2011
102 2575  -2430 -14 8939  8580  6914  -3926 -6046 -5084
-2473 -9569 6187  -1143 -7072 -8885 -2891 -5940 3984  2951
-6232 -677  1883  -9156 -8707 -3804 8566  -117  2204  -9994
589 -8631 2938  -8455 -199  4313  -3752 -132  6761  6608
-3741 9238  -2374 8086  995 6001  -5821 4966  -8213 9105
-5395 -9576 -1132 1609  4691  -5084 -4854 -5575 7456  -6117
5299  5419  -3995 -7481 -7410 7589  1899  -147  6099  247
6679  -4240 -2153 -8214 -2476 -9119 -5907 -3886 8888  7418
5641  669 2433  -161  3437  -3044 -3555 -869  -9249 6732
5569  -8580 -5013 3939  -5680 -9063 5851  6340  1591  -1598
-372  2345  -4258 3773  -898  4632  1085  -4376 2952  -7671
8747  -5709 29  -3425 6283  517 8292  6412  -1126 -7508
3088  6225  -3788 6942  8337  4066  -1471 1661  4041  9996
41  8931  5027  8279  -2660 -7426 3580  2898  1135  -8972
5494  -9167 -5730 -8290 -5372 3032  -6339 -508  3473  -319
-9256 -5504 6697  6479  -2411 6188  2881  -3615 -8241 -5375
547 2322  -7742 -1689 -6380 3113  7631  -4632 9102  -6610
-9765 -8168 -3769 -2027 6682  4737  -3269 2538  4595  9584
7581  7156  2729  9735  382 -5189 8365  3546  -4203 3398
-5559 6984  -5345 -5547 4344  -3271 2732  -6222 -4547 363
-5254 371 979 -4679 -6101 -6193 77  -7710 8017  741
-2666 6197  3563  3372  -6640 -7925 6264  -345  -1384 -2541
-5030 -3546 -8665 -1044 -8762 -7480 2071  7355  -1389 4930
6413  -563  10000 -3917 5218  -1610 -9512 -6005 6079  -3172
8871  -8332 5279  -2095 -2850 1081  6578  9917  -5885 9438
3560  9588  -528  5580  -4292 -6219 18  -8473 -3096 6624
-1277 9337  2471  3295  7770  -6014 -5624 8338  9991  6923
-3221 5616  -5156 477 -483  6970  5084  -1034 705 -8248
-3962 -5616 -5182 -53 2114  -4559 360 -9476 1943  -535
-4092 323 8346  -2993 9925  -1523 -7937 9109  1859  -2972
7763  8668  414 9981  443 -7538 104 -5087 7777  -9507
-7674 -3914 -7820 1526  -2871 -2082 -5109 3327  -3439 7598
-1361 3424  7611  3383  6202  -4336 3663  -7992 -8440 9816
7688  9241  -6890 7816  2212  7466  2306  371 -2524 -2556
3158  -5998 1684  -8692 -2426 -924  -5309 -987  -5797 1986
-4616 5894  -1014 -2281 -7589 470 -8456 -2118 518 2010
6375  -8552 5303  1007  -3983 -8652 5860  -7891 2552  4738
-5837 -894  6290  3877  9469  7742  9866  4543  -1696 6658
8267  4846  2163  8421  -3196 -8144 7961  -5745 8979  -8411
-4150 2949  881 8782  -9087 1642  1460  2039  -5380 1638
804 6313  -9186 1788  913 6332  -9662 -4533 526 1718
7627  -1402 1807  -9989 1931  -8841 -6209 -2809 -6335 -7062
1308  -7668 -4080 4003  9279  -6131 3779  6319  -9121 7601
7186  -7037 -5974 -6113 -8106 6693  -4684 4649  7612  6276
5320  4208  3164  6284  -591  -8605 1923  5122  9211  9487
8026  9386  9537  -4280 9909  -8441 1226  -9115 858 -5583
696 5229  158 -8990 4583  -9997 -3068 1663  315 9924
-7982 7328  -3490 -6676 -786  -6221 -4833 9105  5572  933
3850  -4462 -7881 8746  -3510 671 2399  4958  -3114 9891
-5036 9563  -2062 -7200 5367  -1269 -9961 5999  -5444 -3397
1721  -1608 -57 -6111 2034  7283  -7706 412 6837  -98
4738  -5198 940 -4886 -9138 -5928 -1734 4276  -3618 -1739
-8531 3310  1318  -7128 1866  6486  -126  5733  9441  -9942
-9788 9158  1206  5587  4634  6304  -6281 -1324 -9019 -835
-7511 -4695 6850  -6206 2752  9115  -7577 9259  -1281 -1517
-2819 -1849 -3218 4561  5237  2896  3966  -7146 7795  1340
7405  1687  8542  4559  9469  -4878 7144  -7121 1134  9184
9060  -1638 -6767 -1138 8309  5348  314 -2259 4285  -6632
-838  -3266 2597  2198  670 -3428 -4670 -5910 -7302 -9189
8981  6917  5691  4411  912 -7791 -761  3772  -3497 -4402
-382  7911  -6524 8646  -8661 7971  -5432 9211  -4718 -6889
-6495 8389  -3618 -9115 7253  519 -667  2451  -3619 1208
-3498 1189  -1148 -5852 1721  3674  7501  9713  8440  4173
-8176 3942  -5280 -1809 -7300 1189  8260  -4598 -4460 1740
-1544 -3408 -7040 -728  6811  9363  5157  2998  6766  291
-6114 4570  -9553 1658  4797  -9973 -2877 -635  -6484 -924
6322  -2092 -2389 -1433 9086  1644  -7192 1305  8111  -2848
-1755 -7907 6574  -4419 -6568 6623  -1127 -869  4234  -6034
6039  9313  -8035 -177  -2338 4435  7044  -2931 1929  9051
-9445 -3300 849 -5330 7064  -1282 -3813 -8206 -281  -6981
6352  -5430 -2266 3628  2018  -6613 -6156 7002  3192  -7965
-6233 9102  -6085 5575  7597  -2980 2407  -3968 4598  1879
-3444 4653  1120  7043  -6633 -6972 3380  6675  7208  -684
-1476 -9752 -7232 -2570 6010  -2675 7516  -5362 -9290 7477
7595  7821  -2957 -9598 1314  -6050 2701  -3252 -7513 -4816
4567  2251  -6677 -3042 -5559 -7002 -394  -7901 -3568 -5733
4624  4342  2779  -7536 -4969 1688  -4496 -8048 -1366 -807
9811  -2289 -7405 1811  1666  6222  -5626 4751  -5503 -1174
-1099 7899  -8642 8983  -3531 1981  -8307 1107  8979  -7768
2710  -5534 -5436 -2520 -2418 -9914 568 7804  -8200 6317

