1000
12  87  90  49  61  6 41  76  52  23
79  50  94  27  12  55  86  60  14  86
32  40  53  16  52  27  7 83  6 24
83  37  33  30  97  54  54  75  81  63
59  53  29  98  32  38  83  70  87  96
42  68  21  90  88  2 51  34  40  73
1 28  35  55  90  68  7 4 58  14
41  27  62  36  0 28  73  66  16  93
33  8 78  31  13  62  14  52  81  53
79  39  3 91  65  71  21  74  85  17
16  77  77  53  88  20  35  92  86  95
77  88  39  16  93  6 93  96  36  12
87  39  90  41  66  30  34  66  46  64
84  64  35  37  49  58  83  93  72  18
95  4 71  69  40  63  40  10  11  50
51  97  65  95  43  28  42  51  77  15
81  75  64  17  19  58  32  4 48  1
58  87  65  26  11  87  10  40  19  82
83  63  10  73  44  32  76  41  47  34
58  13  96  37  28  43  24  85  69  9
6 23  22  20  82  28  54  40  56  94
20  30  34  82  15  1 99  0 12  79
7 16  78  61  50  88  49  35  58  36
39  36  64  46  87  85  24  27  18  34
82  92  51  95  72  77  74  24  38  28
44  83  74  88  24  59  58  79  29  44
76  76  22  0 66  73  54  88  75  53
64  1 19  90  76  72  61  89  46  18
77  77  31  100 67  57  6 21  89  81
33  55  12  21  17  44  41  42  3 51
69  91  48  3 93  53  2 51  39  74
25  87  75  24  21  4 85  93  13  32
47  64  64  36  17  50  54  30  3 16
24  100 18  75  55  88  19  27  41  31
92  2 48  85  85  0 74  89  72  28
30  64  90  3 85  22  70  40  1 5
91  54  83  69  12  71  57  75  7 61
43  31  20  76  41  14  49  56  21  39
95  76  83  1 48  73  85  49  23  50
79  49  84  59  95  80  95  24  68  94
13  67  53  28  82  97  25  49  22  55
95  26  49  33  84  98  66  67  9 78
1 30  72  17  21  87  1 22  46  73
67  90  63  81  90  41  7 8 96  95
96  72  51  27  62  1 100 75  7 46
79  47  38  70  69  77  71  28  56  15
19  42  50  20  68  45  30  99  38  64
45  64  78  99  69  6 97  39  56  82
57  92  52  60  18  41  80  60  68  2
5 26  29  58  9 63  34  27  8 89
66  37  13  91  1 9 81  88  50  89
81  75  94  92  88  86  51  37  61  8
1 43  67  67  3 87  91  99  15  100
6 55  90  99  80  85  1 17  33  32
34  26  91  54  72  29  59  30  100 91
6 36  43  92  11  21  71  4 71  7
36  59  59  93  56  36  24  37  43  86
68  88  24  21  43  57  90  6 1 76
42  64  66  16  93  27  1 8 59  38
73  75  64  30  69  77  57  10  74  79
100 73  83  100 38  37  32  99  48  65
26  19  31  54  18  92  50  26  76  23
97  40  100 40  6 86  74  88  59  1
10  82  31  20  76  48  18  66  56  30
35  54  43  20  14  74  23  66  21  19
86  0 71  15  93  64  71  21  19  66
72  80  73  76  38  76  17  45  49  41
6 80  54  9 23  46  5 88  71  8
12  14  26  77  38  86  63  69  91  83
38  87  43  59  86  64  2 68  96  9
38  20  65  86  56  77  54  64  23  9
20  91  91  65  42  34  30  50  77  79
49  80  61  83  87  10  6 89  38  94
95  14  40  97  17  100 65  59  32  58
14  88  5 86  38  91  39  29  1 15
51  92  40  63  68  29  26  23  93  33
80  96  30  100 81  67  52  91  40  51
60  77  96  3 92  98  89  24  40  81
99  29  62  1 53  73  14  59  68  68
31  38  73  18  66  78  23  94  1 54
33  0 100 81  26  0 59  6 25  46
33  6 31  41  35  87  26  81  97  10
24  52  52  44  96  39  43  38  96  33
87  3 39  94  29  83  94  38  3 13
27  96  80  54  62  81  48  39  87  54
90  64  61  38  95  34  86  98  12  69
13  40  6 58  66  87  82  50  69  29
96  75  48  70  67  65  30  84  9 49
66  26  86  18  6 58  82  48  90  68
13  27  71  63  52  25  84  59  44  98
17  58  62  26  38  38  27  19  59  0
12  34  84  95  65  5 11  76  14  58
97  16  41  70  6 80  62  100 68  52
9 4 3 96  28  71  34  90  45  73
78  92  9 35  29  79  64  57  27  8
68  10  77  46  58  16  32  42  39  20
89  77  12  65  30  97  67  13  60  82
37  4 94  1 40  24  15  84  76  95
29  35  70  64  56  41  86  12  43  82
78  5 96  77  4 21  40  86  72  93

